IDLE				STATESEIS
0x8000 0000:			0xF140 0000

0 0 0 0 0 0 0 0			1 1 1 1 0 0 0 1
0 0 0 0 0 0 0 0			0 1 0 0 0 0 0 0
0 0 0 0 0 0 0 0			0 0 0 0 0 0 0 0	
1 0 0 0 0 0 0 0			0 0 0 0 0 0 0 0

STATEUNO			STATESIETE
0x F100 0000:			0xF1408 0000
	
1 1 1 1 0 0 0 1			1 1 1 1 0 0 0 1	
0 0 0 0 0 0 0 0			0 1 0 0 0 0 0 0
0 0 0 0 0 0 0 0			1 0 0 0 0 0 0 0
0 0 0 0 0 0 0 0			0 0 0 0 0 0 0 0

STATEDOS			STATEOCHO
0x F110 0000:			0xF140 A000

1 1 1 1 0 0 0 1			1 1 1 1 0 0 0 1
0 0 0 1 0 0 0 0			0 1 0 0 0 0 0 0
0 0 0 0 0 0 0 0			1 0 1 0 0 0 0 0
0 0 0 0 0 0 0 0			0 0 0 0 0 0 0 0

STATETRES			STATENUEVE
0x F111 0000:			0xF140 A800

1 1 1 1 0 0 0 1			1 1 1 1 0 0 0 1
0 0 0 1 0 0 0 1			0 1 0 0 0 0 0 0
0 0 0 0 0 0 0 0			1 0 1 0 1 0 0 0
0 0 0 0 0 0 0 0			0 0 0 0 0 0 0 0


STATECUATRO			STATEDIEZ
0x F111 1000:			0xF140 AA00

1 1 1 1 0 0 0 1			1 1 1 1 0 0 0 1
0 0 0 1 0 0 0 1			0 1 0 0 0 0 0 0
0 0 0 1 0 0 0 0			1 0 1 0 1 0 1 0
0 0 0 0 0 0 0 0			0 0 0 0 0 0 0 0

STATECINCO
0x F111 1100:

1 1 1 1 0 0 0 1
0 0 0 1 0 0 0 1
0 0 0 1 0 0 0 1
0 0 0 0 0 0 0 0

